-127-4

0. 04.

llas conditionales 44004704ἰο4400, iis annorum 1731 et 1760 exeeptis, seeundum
minimorum quadratorum methodum 0740400400, (quem in finem quemque aequa-
tionem multiplicamus per ooeffioiedtem ed in, posteaque per eam ad m‘, atque
deineeps quemque seriem 0040704Ῑο addentes, querum summam tune = 0 poni·
mus) duas sequentes aequifimus aequationes:

o: 4 (04700) (0404) 4 (0470074 - (04700) (00000) 74· 4 (04700) (0040) 44
4 (04700 (0040) 4 (0470074 - (04700) (0000074 ÷ (04700) (000044
4 (04700) (400 4 (04700074 - (04700) (00704) 74· 4 (04700) (0044) 4’
4 (04700) (0700) 4 (047004 74 - (04700) (0000074 4 (04700) (004044
4 (04700) (0470) 4 (04700074 - (04700) (0070074 4 (04700) (000044
-· (044707) (me) ÷ (⁰2⁴7⁰⁷)²³n ·· (044707) (dimisti ÷ (044707) (26473) m‘
.- (04700) ( 00) 4 (04700474 - (04700) (00700) 74 4 (04700) (400044
4 (04704) (4000 4 (047004 74 - (04704) (00074) 74· 4 (04704 ) (4004444
4 (04704) (4400) 4 (047040 74 - (04704) (0070074 4 (04704) (404044
- (04707) (070) 4 (04707074 - (04707) (0074074 4 (04707) (4070) 44
4 (04700) (4400) 4 (04700474 - (04700) (00040) 74· 4 (04700) (4000) 44
4 (04700) (4400) 4 (04700074 .- (04700) (00770 74· 4 (04700) (40004
4 (04700) (4004) 4 (04700074 - (04700) (00747) 74· 4 (04700) (4007) 44
4 (04707) (0700) 4 (04707074 - (04707) (00744) 74· 404707) (4000) 44
4 (04700) (0700) 4 (0470004 - (04700 (0070074 4 (04700) (4004) 4’
4 (04700) (0000 4 (04700074 - (04700) (00700) 74· 4 (04700) (400044
4 (04700 (4000) 4 (047000 74 - (04700 (0000077 - (04700) (044) 44
- (04704) (404) 4 (04704074 - (04704) (0004074 - (04704) (04044.

e: 4 (0404) (0040 4 (04700) (0040) 74 - (00000) (004074 4 (00400 44
4 (0000) (0000) 4 (04700) (0000 74 - (00004) (000074 4 (000044
4 ( 400 (0044) 4 (04700) (0044) 74 - (00704) (0044) 74· 4 (0044044
4 (0700) (0047) 4 (04700) (0047) 744 - (00000) (004074 4 (0047044
4 (0470) (0000) 4 (04700) (0000) 74 - (00704) (0000) 74· 4 (0000444
- (4400) (4070) 4 (04707) (4070) 74 - (00744) (4070) 74· 4 (40704 4’
¹ -( 00) (4002) 4 (04700) (4004) 74 - (00700 (400074 4 (4000444
4 (4000 (4004) 4 (04704) (400074 - (00074) (4004) 74· 4 (4004)2 44
4 (4400) (4040) 4, (04704) (4040 744 - (00700 (4040) 74· 4 (404οα4
- ( 070) (4070) 4 (04707) (407074 - (00744) (407074 4 (407044
4 (4400) (4000) 4 (04700) (4000) 74 - (00040) (400074 4 (4000444
÷ (4400) (4004) 4 (04700) (400074 - (00770) (400074 4 (400044
4 (4004) (4007) 4 (04700 (700074 - (00747) (400074 4 (4007044

 

