1830

1⁹

...01-

Aequationes conditionales. Obsm.

sun. 12 02402 0=÷ 4,240,222211-·ο,22011140721. 2

19
21

14

19

10

Mart. 1
3

10

14

10

10

17

April 13
19

21

1891
Ianuar. 20

Febr. 10.

19
Mart. 24
20
28
April l
10
11
12
20
21
27

400
207
140
100
021
101
201
02
22,1
171
102
100
102
22
221
107
202
112
001
101

. 8304339

42,0
011
3,0
14,1
21,8
29,2
12,1
19 ,8

281

121
204

1012

febr. 9
11

13
14

8403139
29 ,9
m

90,1

37 ,8.

4 00402270 -00171 4074 . 1
4 00402280 -00100 4074 1
- 108 402011 -00144 4070 2
4 07402317 -09140 4070 2
4074020110 -00110 4070 1
4084020114 -00004 4070 1
4101402400 -00008 4070 2
4 0004024011 - 00042 4070 1
4163 4 02400 -0,0007 4070 1
4 200 4 02440 - 00001 4070 1
,4 108 402010 - 08000 4070 2
-21,440,2020 -08000 4070· 2
4202402009 -08900 4077 ι
4000402071 -00114, 4077 2
4107402070 -08910 4077 l
-4 00402082 -08907 -1-077 1
4102402081 -08201 4077 1
4 1004020114 -0,0000 4 077 1
-17,7402000 -00007 4070 2
- 100 4 02020 - 08000 4 070 1

- 07401171 -00020 4020
-11,140Ιο19 -09772 4000
.. 108 401337 - 09700 4 031
4100401014 -09087 4002
4122401122 ..02012 4022
4 11401111 -01070 4012
- 00401044 -0,9072 4032
-100401008 -00000 4082
4 00401070 -09009 4032
-· 01401072 -0,9008 4032
4107401181 ..om 4011 1
4 01401101 -01011 4011 1
- 00401007 -00040 4031 1

ωι-ι--ι-ιι-ιιφιθ-ι-μ,

-Ι- 04400200 -10012 4000 2
4 074 00211 -111112 4 001 2
4 02 4 om - 00112 4 001 1
... 2004011200 -1,0012 -1- 000 2

 

